929
824
893
203
690
981
660
451
416
201
441
519
754
557
110
946
308
163
891
163
291
820
890
957
268
211
743
178
792
767
918
659
244
846
609
420
669
361
635
278
904
68
455
362
127
844
738
374
25
585
862
311
431
109
529
947
7
765
600
865
584
413
764
334
911
290
890
9
247
547
19
487
508
652
89
294
845
78
126
660
29
261
324
800
122
11
833
56
196
549
355
621
26
849
867
331
667
811
22
464
546
195
648
593
572
649
737
956
382
653
630
485
473
493
210
41
184
583
657
151
719
220
828
982
291
870
786
649
346
859
382
75
831
698
213
847
372
348
92
821
245
91
772
826
112
178
792
948
82
922
906
999
214
331
781
357
886
51
634
4
363
470
109
664
870
702
902
584
745
111
923
838
379
692
643
981
930
923
968
893
932
209
929
228
323
942
99
228
31
942
124
131
612
272
262
72
527
768
406
783
4
432
447
626
616
314
772
185
809
241
152
29
76
363
24
810
14
696
336
492
564
733
780
840
409
215
145
214
265
821
420
345
597
812
412
225
441
377
77
806
925
755
276
670
556
737
940
312
690
458
744
741
267
432
964
935
817
652
948
555
898
450
810
579
945
707
922
397
126
54
139
810
360
423
157
948
363
627
669
989
963
641
934
705
958
359
792
948
61
392
263
786
257
147
60
303
52
577
463
393
159
761
417
480
500
889
403
180
890
564
597
453
129
261
989
792
906
62
918
705
953
532
717
759
494
740
217
529
432
430
725
753
198
826
801
21
96
37
912
7
50
337
816
440
73
925
692
757
369
684
832
450
465
400
866
455
355
714
311
443
555
189
790
239
969
222
896
956
294
537
113
102
190
126
184
596
712
958
136
708
290
247
51
403
952
870
56
13
101
727
593
877
95
204
634
738
440
830
809
614
131
738
749
907
759
873
636
252
161
800
89
697
886
622
459
223
749
426
758
616
391
270
693
413
495
268
169
558
616
50
405
785
272
711
350
656
629
912
985
685
234
539
309
156
54
394
901
834
313
264
50
297
516
80
486
865
311
280
678
913
269
877
366
286
964
445
125
573
889
812
384
254
909
839
29
339
363
131
279
253
616
668
389
503
898
880
200
425
149
273
469
421
380
489
77
463
269
226
991
68
378
63
866
511
346
863
368
985
318
939
244
414
420
351
443
248
1000
785
527
108
317
669
163
919
882
431
21
136
732
827
244
232
613
208
574
48
726
399
136
243
8
570
108
737
752
54
98
541
38
488
550
328
325
603
668
99
142
31
857
957
354
373
624
716
440
187
616
984
625
987
509
65
787
825
506
650
357
27
553
205
622
443
393
238
185
899
156
503
607
580
341
896
729
153
629
427
514
306
86
992
803
469
772
812
761
513
202
838
743
496
326
384
463
269
776
844
716
377
41
0
340
256
718
260
223
42
952
808
849
246
491
729
418
512
430
592
812
907
269
316
720
478
700
815
3
489
193
537
454
356
731
608
164
443
982
135
366
23
670
341
727
376
70
484
306
991
428
46
883
124
388
469
921
549
793
101
46
400
963
72
640
376
2
366
763
929
124
684
24
518
887
977
485
19
148
549
497
40
52
716
276
402
979
557
224
961
520
27
96
816
221
137
384
48
654
527
671
385
500
614
581
866
794
452
646
907
978
284
262
817
18
670
664
854
263
919
84
779
701
513
3
960
228
582
179
663
180
853
831
544
724
177
147
689
261
358
23
670
190
473
943
229
859
119
666
382
93
273
547
422
682
554
12
345
220
294
588
154
278
107
806
463
54
368
224
561
108
337
326
574
891
105
283
303
595
152
889
922
567
455
219
616
175
782
411
68
402
399
128
634
110
997
287
129
466
684
942
253
909
244
605
983
866
517
259
469
898
115
723
58
499
186
811
295
11
602
41
70
447
255
598
926
131
9
233
599
257
422
270
762
404
598
654
451
673
756
196
236
792
816
123
694
949
624
140
361
466
622
727
924
893
534
933
86
304
4
854
308
329
950
421
758
300
927
743
356
643
197
763
505
86
592
862
687
516
668
618
336
574
684
85
313
938
816
154
465
958
51
317
243
545
266
482
820
351
634
549
185
377
566
498
664
846
495
885
930
315
582
828
444
903
931
348
290
551
293
581
90
959
3
178
514
345
917
433
85
452
777
613
959
779
225
905
124
484
942
311
399
5
2
648
615
416
113
209
92
807
658
95
423
173
904
846
720
809
264
400
461
513
628
892
412
290
444
251
938
879
855
23
625
185
522
146
828
980
975
997
180
846
591
206
798
86
374
221
548
273
545
643
144
455
989
640
97
434
962
999
407
672
149
547
728
502
381
827
365
893
614
72
936
504
260
129
970
536
90
328
668
709
93
254
109
373
511
361
615
976
51
937
353
860
843
213
302
392
80
667
20
987
909
643
918
584
944
347
129
298
208
437
308
816
502
299
624
781
212
704
610
930
34
846
467
768
902
830
271
370
969
688
929
984
409
793
673
878
581
269
824
634
927
295
462
530
564
63
219
485
309
979
118
721
570
297
857
184
775
108
489
148
250
397
793
879
461
930
182
984
963
468
400
393
794
488
792
868
233
538
558
473
463
123
64
164
512
562
604
209
263
637
902
884
443
654
384
729
818
330
755
18
51
765
518
274
77
188
19
191
887
836
747

